$ANSIBLE_VAULT;1.1;AES256
62636533353538303462346362336366303864666235333062306264303137343633656339356137
6234373131386434363234623663646434363030653032390a353439643764363364656464306434
31323434383438363662313239653031653664633634656437333034663465636135313861616165
6161363631646536300a393961646432373939343263316437303239333466336333356135653963
63633139333438376161386465346533336163326632616264343166383139313362326638383364
39336630363436306335653638623963626439316537366563383230643364643634393236663538
31613262383032306466303630393632323366336463363363663935633664613165373233373730
61646164623566626235386265633830346336633334626239366337376632613165393136663335
35643864663762396134326332303234333639633036623064666364633432376239626264353765
39643066343961643165343935636563356132633833316366616264656665646237373433623466
32646331383430373438393130333439623338343031363530613561656638386636636631623964
62343362626133623763353763306333383137613438343037366664326630633931663265643363
65613230306437383436613631626237623261346630323266653066646561666564
